waypoint_id: 5
description: ''
timestamp: '20260313_142350'
pose:
  frame_id: odom
  x: -0.6475094898981724
  y: -12.433390165347294
  z: 0.0
  yaw_rad: -0.9227976865592414
scan:
  frame_id: base_scan
  angle_min: 0.003824913175776601
  angle_max: 6.257107734680176
  angle_increment: 0.02929874137043953
  range_min: 0.0
  range_max: 100.0
  num_ranges: 214
  ranges_file: wp_05_20260313_142350.npy
