waypoint_id: 4
description: ''
timestamp: '20260313_142039'
pose:
  frame_id: odom
  x: -1.3599594035572924
  y: -11.649158953392785
  z: 0.0
  yaw_rad: -0.4886448035059967
scan:
  frame_id: base_scan
  angle_min: 0.0014567265752702951
  angle_max: 6.223724842071533
  angle_increment: 0.029116621240973473
  range_min: 0.0
  range_max: 100.0
  num_ranges: 214
  ranges_file: wp_04_20260313_142039.npy
