waypoint_id: 3
description: ''
timestamp: '20260313_141654'
pose:
  frame_id: odom
  x: -2.1039918283457717
  y: -10.927826889415783
  z: 0.0
  yaw_rad: 1.2531204651833425
scan:
  frame_id: base_scan
  angle_min: 0.010832872241735458
  angle_max: 6.264174938201904
  angle_increment: 0.029435332864522934
  range_min: 0.0
  range_max: 100.0
  num_ranges: 213
  ranges_file: wp_03_20260313_141654.npy
