waypoint_id: 3
description: ''
timestamp: '20260314_141031'
pose:
  frame_id: odom
  x: -1.525164080325345
  y: -1.2830954354939885
  z: 0.0
  yaw_rad: -1.6984522744988175
scan:
  frame_id: base_scan
  angle_min: 0.02110481634736061
  angle_max: 6.274500846862793
  angle_increment: 0.029488451778888702
  range_min: 0.0
  range_max: 100.0
  num_ranges: 213
  ranges_file: wp_03_20260314_141031.npy
